=======
Prepend
=======
|---------------Vector-------------|   |-----------------List-------------|
Size        Time  Creates   Copies Destroys        Time  Creates   Copies Destroys
100        0 ms      100      227      227        0 ms      100      100      100
500        0 ms      500    1,011    1,011        0 ms      500      500      500
1,000        2 ms    1,000    2,023    2,023        0 ms    1,000    1,000    1,000
5,000       51 ms    5,000   13,191   13,191        0 ms    5,000    5,000    5,000
10,000      205 ms   10,000   26,383   26,383        1 ms   10,000   10,000   10,000
50,000    4,695 ms   50,000  115,535  115,535        5 ms   50,000   50,000   50,000

======
Append
======
|---------------Vector-------------|   |-----------------List-------------|
Size        Time  Creates   Copies Destroys        Time  Creates   Copies Destroys
100        0 ms      100      227      227        0 ms      100      100      100
500        0 ms      500    1,011    1,011        0 ms      500      500      500
1,000        0 ms    1,000    2,023    2,023        0 ms    1,000    1,000    1,000
5,000        0 ms    5,000   13,191   13,191        0 ms    5,000    5,000    5,000
10,000        0 ms   10,000   26,383   26,383        1 ms   10,000   10,000   10,000
50,000        3 ms   50,000  115,535  115,535        5 ms   50,000   50,000   50,000

===
Get
===
|---------------Vector-------------|   |-----------------List-------------|
Size        Time  Creates   Copies Destroys        Time  Creates   Copies Destroys
100        0 ms        0   10,000   10,000        1 ms        0   10,000   10,000
500        0 ms        0   10,000   10,000        7 ms        0   10,000   10,000
1,000        0 ms        0   10,000   10,000       14 ms        0   10,000   10,000
5,000        0 ms        0   10,000   10,000       71 ms        0   10,000   10,000
10,000        1 ms        0   10,000   10,000      151 ms        0   10,000   10,000
50,000        3 ms        0   10,000   10,000      745 ms        0   10,000   10,000

======
Remove
======
|---------------Vector-------------|   |-----------------List-------------|
Size        Time  Creates   Copies Destroys        Time  Creates   Copies Destroys
100        0 ms        0        0      100        0 ms        0        0      100
500        0 ms        0        0      500        0 ms        0        0      500
1,000        1 ms        0        0    1,000        1 ms        0        0    1,000
5,000       26 ms        0        0    5,000       22 ms        0        0    5,000
10,000      113 ms        0        0   10,000       96 ms        0        0   10,000
50,000    2,758 ms        0        0   50,000    2,608 ms        0        0   50,000

======
Insert
======
|---------------Vector-------------|   |-----------------List-------------|
Size        Time  Creates   Copies Destroys        Time  Creates   Copies Destroys
100        0 ms      100      227      227        0 ms      100      100      100
500        1 ms      500    1,011    1,011        1 ms      500      500      500
1,000        4 ms    1,000    2,023    2,023        5 ms    1,000    1,000    1,000
5,000      112 ms    5,000   13,191   13,191      128 ms    5,000    5,000    5,000
10,000      442 ms   10,000   26,383   26,383      504 ms   10,000   10,000   10,000
50,000   10,888 ms   50,000  115,535  115,535   12,414 ms   50,000   50,000   50,000

Done! Total time: 36.1466 seconds
Program ended with exit code: 0
